Proportion = 0.01
QuickSort
160000, 280
80000, 122
40000, 72
20000, 26
10000, 4
HeapSort
160000, 1424
80000, 689
40000, 353
20000, 144
10000, 68
Proportion = 0.1
QuickSort
160000, 261
80000, 149
40000, 87
20000, 23
10000, 1
HeapSort
160000, 1488
80000, 778
40000, 486
20000, 183
10000, 80
Proportion = 0.9
QuickSort
160000, 293
80000, 109
40000, 98
20000, 56
10000, 21
HeapSort
160000, 1545
80000, 631
40000, 495
20000, 307
10000, 162
Proportion = 0.99
QuickSort
160000, 281
80000, 129
40000, 86
20000, 55
10000, 22
HeapSort
160000, 1443
80000, 740
40000, 571
20000, 322
10000, 149
