16
-0.861136311594053	-0.861136311594053 0.121002993285602
-0.861136311594053	0.339981043584856 0.226851851851852
-0.861136311594053	-0.339981043584856 0.226851851851852
-0.861136311594053	0.861136311594053 0.121002993285602
0.339981043584856	-0.861136311594053 0.226851851851852
0.339981043584856	0.339981043584856 0.425293303010694
0.339981043584856	-0.339981043584856 0.425293303010694
0.339981043584856	0.861136311594053 0.226851851851852
-0.339981043584856	-0.861136311594053 0.226851851851852
-0.339981043584856	0.339981043584856 0.425293303010694
-0.339981043584856	-0.339981043584856 0.425293303010694
-0.339981043584856	0.861136311594053 0.226851851851852
0.861136311594053	-0.861136311594053 0.121002993285602
0.861136311594053	0.339981043584856 0.226851851851852
0.861136311594053	-0.339981043584856 0.226851851851852
0.861136311594053	0.861136311594053 0.121002993285602