25
0.000000000000000 0.000000000000000	   	   0.323634567901235
0.000000000000000 0.538469310105683	   	   0.272286532550751
0.000000000000000 0.906179845938664	   	   0.134785072387521
0.000000000000000 -0.538469310105683	   	   0.272286532550751
0.000000000000000 -0.906179845938664	   	   0.134785072387521
0.538469310105683 0.000000000000000	   	   0.272286532550751
0.538469310105683 0.538469310105683	   	   0.229085404223991
0.538469310105683 0.906179845938664	   	   0.113400000000000
0.538469310105683 -0.538469310105683	   	   0.229085404223991
0.538469310105683 -0.906179845938664	   	   0.113400000000000
0.906179845938664 0.000000000000000	   	   0.134785072387521
0.906179845938664 0.538469310105683	   	   0.113400000000000
0.906179845938664 0.906179845938664	   	   0.056134348862429
0.906179845938664 -0.538469310105683	   	   0.113400000000000
0.906179845938664 -0.906179845938664	   	   0.056134348862429
-0.538469310105683 0.000000000000000	   	   0.272286532550751
-0.538469310105683 0.538469310105683	   	   0.229085404223991
-0.538469310105683 0.906179845938664	   	   0.113400000000000
-0.538469310105683 -0.538469310105683	   	   0.229085404223991
-0.538469310105683 -0.906179845938664	   	   0.113400000000000
-0.906179845938664 0.000000000000000	   	   0.134785072387521
-0.906179845938664 0.538469310105683	   	   0.113400000000000
-0.906179845938664 0.906179845938664	   	   0.056134348862429
-0.906179845938664 -0.538469310105683	   	   0.113400000000000
-0.906179845938664 -0.906179845938664	   	   0.056134348862429