27
       -0.069222096541517   0.534611048270758   0.000927006328961
        0.534611048270758   0.534611048270758   0.000927006328961
   	0.534611048270758  -0.069222096541517   0.000927006328961
   	0.202061394068290   0.398969302965855   0.077149534914813
   	0.398969302965855   0.398969302965855   0.077149534914813
   	0.398969302965855   0.202061394068290   0.077149534914813
   	0.593380199137435   0.203309900431282   0.059322977380774
   	0.203309900431282   0.203309900431282   0.059322977380774
   	0.203309900431282   0.593380199137435   0.059322977380774
   	0.761298175434837   0.119350912282581   0.036184540503418
   	0.119350912282581   0.119350912282581   0.036184540503418
   	0.119350912282581   0.761298175434837   0.036184540503418
   	0.935270103777448   0.032364948111276   0.013659731002678
   	0.032364948111276   0.032364948111276   0.013659731002678
   	0.032364948111276   0.935270103777448   0.013659731002678
   	0.050178138310495   0.356620648261293   0.052337111962204
   	0.356620648261293   0.593201213428213   0.052337111962204
   	0.593201213428213   0.050178138310495   0.052337111962204
   	0.356620648261293   0.050178138310495   0.052337111962204
   	0.593201213428213   0.356620648261293   0.052337111962204
   	0.050178138310495   0.593201213428213   0.052337111962204
   	0.021022016536166   0.171488980304042   0.020707659639141
   	0.171488980304042   0.807489003159792   0.020707659639141
   	0.807489003159792   0.021022016536166   0.020707659639141
   	0.171488980304042   0.021022016536166   0.020707659639141
   	0.807489003159792   0.171488980304042   0.020707659639141
   	0.021022016536166   0.807489003159792   0.020707659639141
