73
	0.333333333333333   0.333333333333333   0.032906331388919
	0.020780025853987   0.489609987073006   0.010330731891272
	0.489609987073006   0.489609987073006   0.010330731891272
	0.489609987073006   0.020780025853987   0.010330731891272
	0.090926214604215   0.454536892697893   0.022387247263016
	0.454536892697893   0.454536892697893   0.022387247263016
	0.454536892697893   0.090926214604215   0.022387247263016
	0.197166638701138   0.401416680649431   0.030266125869468
	0.401416680649431   0.401416680649431   0.030266125869468
	0.401416680649431   0.197166638701138   0.030266125869468
	0.488896691193805   0.255551654403098   0.030490967802198
	0.255551654403098   0.255551654403098   0.030490967802198
	0.255551654403098   0.488896691193805   0.030490967802198
	0.645844115695741   0.177077942152130   0.024159212741641
	0.177077942152130   0.177077942152130   0.024159212741641
	0.177077942152130   0.645844115695741   0.024159212741641
	0.779877893544096   0.110061053227952   0.016050803586801
	0.110061053227952   0.110061053227952   0.016050803586801
	0.110061053227952   0.779877893544096   0.016050803586801
	0.888942751496321   0.055528624251840   0.008084580261784
	0.055528624251840   0.055528624251840   0.008084580261784
	0.055528624251840   0.888942751496321   0.008084580261784
	0.974756272445543   0.012621863777229   0.002079362027485
	0.012621863777229   0.012621863777229   0.002079362027485
	0.012621863777229   0.974756272445543   0.002079362027485
	0.003611417848412   0.395754787356943   0.003884876904981
	0.395754787356943   0.600633794794645   0.003884876904981
	0.600633794794645   0.003611417848412   0.003884876904981
	0.395754787356943   0.003611417848412   0.003884876904981
	0.600633794794645   0.395754787356943   0.003884876904981
	0.003611417848412   0.600633794794645   0.003884876904981
	0.134466754530780   0.307929983880436   0.025574160612022
	0.307929983880436   0.557603261588784   0.025574160612022
	0.557603261588784   0.134466754530780   0.025574160612022
	0.307929983880436   0.134466754530780   0.025574160612022
	0.557603261588784   0.307929983880436   0.025574160612022
	0.134466754530780   0.557603261588784   0.025574160612022
	0.014446025776115   0.264566948406520   0.008880903573338
	0.264566948406520   0.720987025817365   0.008880903573338
	0.720987025817365   0.014446025776115   0.008880903573338
	0.264566948406520   0.014446025776115   0.008880903573338
	0.720987025817365   0.264566948406520   0.008880903573338
	0.014446025776115   0.720987025817365   0.008880903573338
	0.046933578838178   0.358539352205951   0.016124546761731
	0.358539352205951   0.594527068955871   0.016124546761731
	0.594527068955871   0.046933578838178   0.016124546761731
	0.358539352205951   0.046933578838178   0.016124546761731
	0.594527068955871   0.358539352205951   0.016124546761731
	0.046933578838178   0.594527068955871   0.016124546761731
	0.002861120350567   0.157807405968595   0.002491941817491
	0.157807405968595   0.839331473680839   0.002491941817491
	0.839331473680839   0.002861120350567   0.002491941817491
	0.157807405968595   0.002861120350567   0.002491941817491
	0.839331473680839   0.157807405968595   0.002491941817491
	0.002861120350567   0.839331473680839   0.002491941817491
	0.223861424097916   0.075050596975911   0.018242840118951
	0.075050596975911   0.701087978926173   0.018242840118951
	0.701087978926173   0.223861424097916   0.018242840118951
	0.075050596975911   0.223861424097916   0.018242840118951
	0.701087978926173   0.075050596975911   0.018242840118951
	0.223861424097916   0.701087978926173   0.018242840118951
	0.034647074816760   0.142421601113383   0.010258563736199
	0.142421601113383   0.822931324069857   0.010258563736199
	0.822931324069857   0.034647074816760   0.010258563736199
	0.142421601113383   0.034647074816760   0.010258563736199
	0.822931324069857   0.142421601113383   0.010258563736199
	0.034647074816760   0.822931324069857   0.010258563736199
	0.010161119296278   0.065494628082938   0.003799928855302
	0.065494628082938   0.924344252620784   0.003799928855302
	0.924344252620784   0.010161119296278   0.003799928855302
	0.065494628082938   0.010161119296278   0.003799928855302
	0.924344252620784   0.065494628082938   0.003799928855302
	0.010161119296278   0.924344252620784   0.003799928855302
