13
	0.333333333333333  0.333333333333333  -0.149570044467682
	0.260345966079040  0.260345966079040   0.175615257433208
	0.260345966079040  0.479308067841920   0.175615257433208
	0.479308067841920  0.260345966079040   0.175615257433208
	0.065130102902216  0.065130102902216   0.053347235608838
	0.065130102902216  0.869739794195568   0.053347235608838
	0.869739794195568  0.065130102902216   0.053347235608838
	0.312865496004874  0.638444188569810   0.077113760890257
	0.638444188569810  0.048690315425316   0.077113760890257
	0.048690315425316  0.312865496004874   0.077113760890257
	0.638444188569810  0.312865496004874   0.077113760890257
	0.312865496004874  0.048690315425316   0.077113760890257
	0.048690315425316  0.638444188569810   0.077113760890257
